78183.82198810577|472896|17565|17564|17600
-258|-433
Road|0011|[0, 2]|2|10|10|0|6524|-0.1|True|[-138, -153]
Road|0101|[0, 2]|0|10|10|0|6524|-0.1|True|[-78, -183]
Road|1010|[0, 2]|2|10|10|0|6524|-0.1|True|[-78, -123]
Road|0011|[0, 2]|2|10|10|0|6524|-0.1|True|[-78, -63]
Road|0011|[0, 2]|2|10|10|0|6524|-0.1|True|[-78, -3]
Road|0011|[0, 2]|2|10|10|0|6524|-0.1|True|[-78, 417]
Road|0011|[0, 2]|2|10|10|0|6524|-0.1|True|[-78, 537]
Road|0101|[0, 2]|2|10|10|0|6524|-0.1|True|[-18, -213]
House|House_1|[0, 2]|0|500|100|200|1|-1|True|[-18, -153]
Road|1101|[0, 2]|0|10|10|0|6524|-0.1|True|[-18, -93]
Road|1110|[0, 2]|0|10|10|0|6524|-0.1|True|[-18, -33]
Road|1011|[0, 2]|0|10|10|0|6524|-0.1|True|[-18, 27]
Road|0011|[0, 2]|2|10|10|0|6524|-0.1|True|[-18, 327]
Road|0101|[0, 2]|0|10|10|0|6524|-0.1|True|[-18, 387]
Road|1010|[0, 2]|0|10|10|0|6524|-0.1|True|[-18, 447]
Road|0101|[0, 2]|0|10|10|0|6524|-0.1|True|[-18, 507]
Road|1010|[0, 2]|0|10|10|0|6524|-0.1|True|[-18, 567]
Road|0101|[0, 2]|0|10|10|0|6524|-0.1|True|[42, -243]
House|House_1|[0, 2]|0|500|100|200|1|-1|True|[42, -183]
Road|0111|[0, 2]|0|10|10|0|6524|-0.1|True|[42, -123]
House|House_1|[0, 2]|0|500|100|200|1|-1|True|[42, -63]
Road|1101|[0, 2]|0|10|10|0|6524|-0.1|True|[42, -3]
Road|1010|[0, 2]|0|10|10|0|6524|-0.1|True|[42, 57]
Road|0101|[0, 2]|2|10|10|0|6524|-0.1|True|[42, 297]
Road|1110|[0, 2]|0|10|10|0|6524|-0.1|True|[42, 357]
House|House_1|[0, 2]|0|500|100|200|1|-1|True|[42, 417]
Road|1101|[0, 2]|0|10|10|0|6524|-0.1|True|[42, 477]
House|House_1|[0, 2]|0|500|100|200|1|-1|True|[42, 537]
Road|1010|[0, 2]|0|10|10|0|6524|-0.1|True|[42, 597]
Road|0001|[0, 2]|0|10|10|0|6524|-0.1|True|[42, 657]
Road|0111|[0, 2]|2|10|10|0|6524|-0.1|True|[102, -273]
House|House_1|[0, 2]|0|500|100|200|1|-1|True|[102, -213]
Road|0101|[0, 2]|0|10|10|0|6524|-0.1|True|[102, -153]
Road|1010|[0, 2]|0|10|10|0|6524|-0.1|True|[102, -93]
Road|0101|[0, 2]|0|10|10|0|6524|-0.1|True|[102, -33]
House|House_1|[0, 2]|0|500|100|200|1|-1|True|[102, 27]
Road|1010|[0, 2]|2|10|10|0|6524|-0.1|True|[102, 87]
Pump|Pump|[2]|2|10000|500|0|2|-5|True|[102, 147]
Road|0111|[0, 2]|0|10|10|0|6524|-0.1|True|[102, 267]
Hospital|Hospital|[0, 2]|0|1000|500|0|10|-200|True|[102, 327]
Road|1010|[0, 2]|0|10|10|0|6524|-0.1|True|[102, 387]
Road|0101|[0, 2]|0|10|10|0|6524|-0.1|True|[102, 447]
House|House_1|[0, 2]|0|500|100|200|1|-1|True|[102, 507]
House|House_1|[0, 2]|0|500|100|200|1|-1|True|[102, 567]
Road|1101|[0, 2]|0|10|10|0|6524|-0.1|True|[102, 627]
Road|0101|[0, 2]|0|10|10|0|6524|-0.1|True|[162, -303]
Road|1010|[0, 2]|0|10|10|0|6524|-0.1|True|[162, -243]
Road|0101|[0, 2]|0|10|10|0|6524|-0.1|True|[162, -183]
House|House_1|[0, 2]|0|500|100|200|1|-1|True|[162, -123]
Road|1110|[0, 2]|0|10|10|0|6524|-0.1|True|[162, -63]
House|House_1|[0, 2]|0|500|100|200|1|-1|True|[162, -3]
House|House_1|[0, 2]|0|500|100|200|1|-1|True|[162, 57]
Road|1010|[0, 2]|0|10|10|0|6524|-0.1|True|[162, 117]
Road|0101|[0, 2]|2|10|10|0|6524|-0.1|True|[162, 237]
Road|1010|[0, 2]|0|10|10|0|6524|-0.1|True|[162, 297]
Hospital|Hospital|[0, 2]|0|1000|500|0|10|-200|True|[162, 357]
Road|1111|[0, 2]|0|10|10|0|6524|-0.1|True|[162, 417]
House|House_1|[0, 2]|0|500|100|200|1|-1|True|[162, 477]
Road|0011|[0, 2]|0|10|10|0|6524|-0.1|True|[162, 537]
Road|0101|[0, 2]|0|10|10|0|6524|-0.1|True|[162, 597]
Road|0101|[0, 2]|0|10|10|0|6524|-0.1|True|[222, -333]
House|House_1|[0, 2]|0|500|100|200|1|-1|True|[222, -273]
Road|1110|[0, 2]|0|10|10|0|6524|-0.1|True|[222, -213]
House|House_1|[0, 2]|0|500|100|200|1|-1|True|[222, -153]
House|House_1|[0, 2]|0|500|100|200|1|-1|True|[222, -93]
Road|1010|[0, 2]|0|10|10|0|6524|-0.1|True|[222, -33]
Hospital|Hospital|[0, 2]|0|1000|500|0|10|-200|True|[222, 27]
House|House_1|[0, 2]|0|500|100|200|1|-1|True|[222, 87]
Road|1011|[0, 2]|0|10|10|0|6524|-0.1|True|[222, 147]
Road|0101|[0, 2]|0|10|10|0|6524|-0.1|True|[222, 207]
House|House_1|[0, 2]|0|500|100|200|1|-1|True|[222, 267]
Road|1010|[0, 2]|0|10|10|0|6524|-0.1|True|[222, 327]
Road|0101|[0, 2]|0|10|10|0|6524|-0.1|True|[222, 387]
Road|1010|[0, 2]|0|10|10|0|6524|-0.1|True|[222, 447]
Road|0101|[0, 2]|0|10|10|0|6524|-0.1|True|[222, 507]
Road|1110|[0, 2]|0|10|10|0|6524|-0.1|True|[222, 567]
Road|0101|[0, 2]|0|10|10|0|6524|-0.1|True|[282, -363]
House|House_1|[0, 2]|0|500|100|200|1|-1|True|[282, -303]
House|House_1|[0, 2]|0|500|100|200|1|-1|True|[282, -243]
Road|1011|[0, 2]|0|10|10|0|6524|-0.1|True|[282, -183]
House|House_1|[0, 2]|0|500|100|200|1|-1|True|[282, -123]
House|House_1|[0, 2]|0|500|100|200|1|-1|True|[282, -63]
Road|1010|[0, 2]|0|10|10|0|6524|-0.1|True|[282, -3]
Road|0011|[0, 2]|0|10|10|0|6524|-0.1|True|[282, 57]
Road|0101|[0, 2]|0|10|10|0|6524|-0.1|True|[282, 117]
Road|1110|[0, 2]|0|10|10|0|6524|-0.1|True|[282, 177]
House|House_1|[0, 2]|0|500|100|200|1|-1|True|[282, 237]
Firestation|Fire|[0, 2]|0|1000|500|0|5|-100|True|[282, 297]
Road|1101|[0, 2]|0|10|10|0|6524|-0.1|True|[282, 357]
Hospital|Hospital|[0, 2]|0|1000|500|0|10|-200|True|[282, 417]
Road|1110|[0, 2]|0|10|10|0|6524|-0.1|True|[282, 477]
Dump|Dump|[0]|0|500|500|0|1|-5|True|[282, 537]
Road|1011|[0, 2]|0|10|10|0|6524|-0.1|True|[282, 597]
Road|0011|[0, 2]|2|10|10|0|6524|-0.1|True|[282, 717]
Road|0011|[0, 2]|2|10|10|0|6524|-0.1|True|[282, 777]
Road|0110|[0, 2]|0|10|10|0|6524|-0.1|True|[342, -393]
House|House_1|[0, 2]|0|500|100|200|1|-1|True|[342, -333]
House|House_1|[0, 2]|0|500|100|200|1|-1|True|[342, -273]
Road|0101|[0, 2]|0|10|10|0|6524|-0.1|True|[342, -213]
Road|1010|[0, 2]|0|10|10|0|6524|-0.1|True|[342, -153]
House|House_1|[0, 2]|0|500|100|200|1|-1|True|[342, -93]
House|House_1|[0, 2]|0|500|100|200|1|-1|True|[342, -33]
Road|1110|[0, 2]|0|10|10|0|6524|-0.1|True|[342, 27]
Road|1101|[0, 2]|0|10|10|0|6524|-0.1|True|[342, 87]
House|House_1|[0, 2]|0|500|100|200|1|-1|True|[342, 147]
Road|1010|[0, 2]|0|10|10|0|6524|-0.1|True|[342, 207]
Road|0011|[0, 2]|0|10|10|0|6524|-0.1|True|[342, 267]
Road|0111|[0, 2]|0|10|10|0|6524|-0.1|True|[342, 327]
Firestation|Fire|[0, 2]|0|1000|500|0|5|-100|True|[342, 387]
House|House_1|[0, 2]|0|500|100|200|1|-1|True|[342, 447]
Road|1010|[0, 2]|0|10|10|0|6524|-0.1|True|[342, 507]
Road|0101|[0, 2]|0|10|10|0|6524|-0.1|True|[342, 567]
Road|1010|[0, 2]|0|10|10|0|6524|-0.1|True|[342, 627]
Road|0101|[0, 2]|0|10|10|0|6524|-0.1|True|[342, 687]
Road|1100|[0, 2]|0|10|10|0|6524|-0.1|True|[342, 747]
Road|1010|[0, 2]|0|10|10|0|6524|-0.1|True|[342, 807]
Road|1010|[0, 2]|0|10|10|0|6524|-0.1|True|[402, -363]
House|House_1|[0, 2]|0|500|100|200|1|-1|True|[402, -303]
Road|0101|[0, 2]|0|10|10|0|6524|-0.1|True|[402, -243]
House|House_1|[0, 2]|0|500|100|200|1|-1|True|[402, -183]
Road|1011|[0, 2]|0|10|10|0|6524|-0.1|True|[402, -123]
House|House_1|[0, 2]|0|500|100|200|1|-1|True|[402, -63]
Factory|Factory_9|[0, 2]|0|2609|100|0|450|-180|True|[402, -3]
Road|1111|[0, 2]|0|10|10|0|6524|-0.1|True|[402, 57]
House|House_1|[0, 2]|0|500|100|200|1|-1|True|[402, 117]
House|House_1|[0, 2]|0|500|100|200|1|-1|True|[402, 177]
Road|1100|[0, 2]|0|10|10|0|6524|-0.1|True|[402, 237]
Road|1100|[0, 2]|0|10|10|0|6524|-0.1|True|[402, 297]
Road|1010|[0, 2]|0|10|10|0|6524|-0.1|True|[402, 357]
House|House_1|[0, 2]|0|500|100|200|1|-1|True|[402, 417]
House|House_1|[0, 2]|0|500|100|200|1|-1|True|[402, 477]
Road|1110|[0, 2]|0|10|10|0|6524|-0.1|True|[402, 537]
House|House_1|[0, 2]|0|500|100|200|1|-1|True|[402, 597]
Road|1110|[0, 2]|0|10|10|0|6524|-0.1|True|[402, 657]
House|House_1|[0, 2]|0|500|100|200|1|-1|True|[402, 717]
House|House_1|[0, 2]|0|500|100|200|1|-1|True|[402, 777]
Road|1010|[0, 2]|0|10|10|0|6524|-0.1|True|[402, 837]
Road|1010|[0, 2]|2|10|10|0|6524|-0.1|True|[462, -333]
Road|0111|[0, 2]|0|10|10|0|6524|-0.1|True|[462, -273]
House|House_1|[0, 2]|0|500|100|200|1|-1|True|[462, -213]
Road|0101|[0, 2]|0|10|10|0|6524|-0.1|True|[462, -153]
Road|1010|[0, 2]|0|10|10|0|6524|-0.1|True|[462, -93]
House|House_1|[0, 2]|0|500|100|200|1|-1|True|[462, -33]
Road|0101|[0, 2]|0|10|10|0|6524|-0.1|True|[462, 27]
Road|1010|[0, 2]|0|10|10|0|6524|-0.1|True|[462, 87]
House|House_1|[0, 2]|0|500|100|200|1|-1|True|[462, 147]
House|House_1|[0, 2]|0|500|100|200|1|-1|True|[462, 207]
House|House_1|[0, 2]|0|500|100|200|1|-1|True|[462, 267]
House|House_1|[0, 2]|0|500|100|200|1|-1|True|[462, 327]
Road|1011|[0, 2]|0|10|10|0|6524|-0.1|True|[462, 387]
Road|0001|[0, 2]|0|10|10|0|6524|-0.1|True|[462, 447]
House|House_1|[0, 2]|0|500|100|200|1|-1|True|[462, 507]
Road|1001|[0, 2]|0|10|10|0|6524|-0.1|True|[462, 567]
House|House_1|[0, 2]|0|500|100|200|1|-1|True|[462, 627]
Road|1011|[0, 2]|0|10|10|0|6524|-0.1|True|[462, 687]
House|House_1|[0, 2]|0|500|100|200|1|-1|True|[462, 747]
House|House_1|[0, 2]|0|500|100|200|1|-1|True|[462, 807]
Road|1010|[0, 2]|0|10|10|0|6524|-0.1|True|[462, 867]
Road|1100|[0, 2]|0|10|10|0|6524|-0.1|True|[522, -303]
Road|1010|[0, 2]|0|10|10|0|6524|-0.1|True|[522, -243]
Road|0101|[0, 2]|0|10|10|0|6524|-0.1|True|[522, -183]
Dump|Dump|[0]|0|500|500|0|1|-5|True|[522, -123]
Road|1010|[0, 2]|0|10|10|0|6524|-0.1|True|[522, -63]
Road|0101|[0, 2]|0|10|10|0|6524|-0.1|True|[522, -3]
Hospital|Hospital|[0, 2]|0|1000|500|0|10|-200|True|[522, 57]
Road|1010|[0, 2]|0|10|10|0|6524|-0.1|True|[522, 117]
House|House_1|[0, 2]|0|500|100|200|1|-1|True|[522, 177]
House|House_1|[0, 2]|0|500|100|200|1|-1|True|[522, 237]
House|House_1|[0, 2]|0|500|100|200|1|-1|True|[522, 297]
Road|0101|[0, 2]|0|10|10|0|6524|-0.1|True|[522, 357]
Road|1100|[0, 2]|0|10|10|0|6524|-0.1|True|[522, 417]
House|House_1|[0, 2]|0|500|100|200|1|-1|True|[522, 477]
Road|0101|[0, 2]|0|10|10|0|6524|-0.1|True|[522, 537]
House|House_1|[0, 2]|0|500|100|200|1|-1|True|[522, 597]
Road|0101|[0, 2]|0|10|10|0|6524|-0.1|True|[522, 657]
Road|1010|[0, 2]|0|10|10|0|6524|-0.1|True|[522, 717]
House|House_1|[0, 2]|0|500|100|200|1|-1|True|[522, 777]
House|House_1|[0, 2]|0|500|100|200|1|-1|True|[522, 837]
Road|1001|[0, 2]|2|10|10|0|6524|-0.1|True|[522, 897]
Road|1110|[0, 2]|0|10|10|0|6524|-0.1|True|[582, -213]
Hospital|Hospital|[0, 2]|0|1000|500|0|10|-200|True|[582, -153]
Cemetery|Cemetery|[0, 2]|0|800|500|0|1|-20|True|[582, -93]
Road|1111|[0, 2]|0|10|10|0|6524|-0.1|True|[582, -33]
Hospital|Hospital|[0, 2]|0|1000|500|0|10|-200|True|[582, 27]
Police|Police|[0, 2]|0|1200|500|0|5|-70|True|[582, 87]
Road|1011|[0, 2]|0|10|10|0|6524|-0.1|True|[582, 147]
Road|0011|[0, 2]|0|10|10|0|6524|-0.1|True|[582, 207]
Road|0011|[0, 2]|0|10|10|0|6524|-0.1|True|[582, 267]
Road|0101|[0, 2]|0|10|10|0|6524|-0.1|True|[582, 327]
House|House_1|[0, 2]|0|500|100|200|1|-1|True|[582, 387]
House|House_1|[0, 2]|0|500|100|200|1|-1|True|[582, 447]
Road|0111|[0, 2]|0|10|10|0|6524|-0.1|True|[582, 507]
Hospital|Hospital|[0, 2]|0|1000|500|0|10|-200|True|[582, 567]
Road|0101|[0, 2]|0|10|10|0|6524|-0.1|True|[582, 627]
Factory|Factory_9|[0, 2]|0|2609|100|0|450|-180|True|[582, 687]
Road|1010|[0, 2]|0|10|10|0|6524|-0.1|True|[582, 747]
House|House_1|[0, 2]|0|500|100|200|1|-1|True|[582, 807]
Road|0101|[0, 2]|2|10|10|0|6524|-0.1|True|[582, 867]
Road|1010|[0, 2]|0|10|10|0|6524|-0.1|True|[642, -183]
Church|Church_2|[0, 2]|0|1000|500|0|0|100|True|[642, -123]
Road|0101|[0, 2]|0|10|10|0|6524|-0.1|True|[642, -63]
Road|1010|[0, 2]|0|10|10|0|6524|-0.1|True|[642, -3]
Road|0011|[0, 2]|0|10|10|0|6524|-0.1|True|[642, 57]
Road|0101|[0, 2]|0|10|10|0|6524|-0.1|True|[642, 117]
Road|1100|[0, 2]|0|10|10|0|6524|-0.1|True|[642, 177]
Road|1100|[0, 2]|0|10|10|0|6524|-0.1|True|[642, 237]
Road|1110|[0, 2]|0|10|10|0|6524|-0.1|True|[642, 297]
House|House_1|[0, 2]|0|500|100|200|1|-1|True|[642, 357]
Road|0011|[0, 2]|0|10|10|0|6524|-0.1|True|[642, 417]
Road|0101|[0, 2]|0|10|10|0|6524|-0.1|True|[642, 477]
Road|1010|[0, 2]|0|10|10|0|6524|-0.1|True|[642, 537]
Road|0101|[0, 2]|0|10|10|0|6524|-0.1|True|[642, 597]
Factory|Factory_9|[0, 2]|0|2609|100|0|450|-180|True|[642, 657]
Factory|Factory_9|[0, 2]|0|2609|100|0|450|-180|True|[642, 717]
Road|1011|[0, 2]|0|10|10|0|6524|-0.1|True|[642, 777]
Road|0101|[0, 2]|0|10|10|0|6524|-0.1|True|[642, 837]
Road|1010|[0, 2]|2|10|10|0|6524|-0.1|True|[702, -153]
Road|0111|[0, 2]|0|10|10|0|6524|-0.1|True|[702, -93]
Factory|Factory_9|[0, 2]|0|2609|100|0|450|-180|True|[702, -33]
Road|1100|[0, 2]|0|10|10|0|6524|-0.1|True|[702, 27]
Road|1110|[0, 2]|0|10|10|0|6524|-0.1|True|[702, 87]
House|House_1|[0, 2]|0|500|100|200|1|-1|True|[702, 147]
House|House_1|[0, 2]|0|500|100|200|1|-1|True|[702, 207]
House|House_1|[0, 2]|0|500|100|200|1|-1|True|[702, 267]
Road|1001|[0, 2]|0|10|10|0|6524|-0.1|True|[702, 327]
Road|0100|[0, 2]|0|10|10|0|6524|-0.1|True|[702, 387]
Road|1110|[0, 2]|0|10|10|0|6524|-0.1|True|[702, 447]
Cemetery|Cemetery|[0, 2]|0|800|500|0|1|-20|True|[702, 507]
Road|1110|[0, 2]|0|10|10|0|6524|-0.1|True|[702, 567]
Factory|Factory_9|[0, 2]|0|2609|100|0|450|-180|True|[702, 627]
Factory|Factory_9|[0, 2]|0|2609|100|0|450|-180|True|[702, 687]
Road|0101|[0, 2]|0|10|10|0|6524|-0.1|True|[702, 747]
Road|1110|[0, 2]|0|10|10|0|6524|-0.1|True|[702, 807]
Road|1100|[0, 2]|2|10|10|0|6524|-0.1|True|[762, -123]
Road|1010|[0, 2]|0|10|10|0|6524|-0.1|True|[762, -63]
Factory|Factory_9|[0, 2]|0|2609|100|0|450|-180|True|[762, -3]
Factory|Factory_9|[0, 2]|0|2609|100|0|450|-180|True|[762, 57]
Road|1010|[0, 2]|0|10|10|0|6524|-0.1|True|[762, 117]
House|House_1|[0, 2]|0|500|100|200|1|-1|True|[762, 177]
House|House_1|[0, 2]|0|500|100|200|1|-1|True|[762, 237]
Road|0101|[0, 2]|0|10|10|0|6524|-0.1|True|[762, 297]
House|House_1|[0, 2]|0|500|100|200|1|-1|True|[762, 357]
House|House_1|[0, 2]|0|500|100|200|1|-1|True|[762, 417]
Road|1001|[0, 2]|0|10|10|0|6524|-0.1|True|[762, 477]
House|House_1|[0, 2]|0|500|100|200|1|-1|True|[762, 537]
Road|1010|[0, 2]|0|10|10|0|6524|-0.1|True|[762, 597]
Factory|Factory_9|[0, 2]|0|2609|100|0|450|-180|True|[762, 657]
Road|0101|[0, 2]|0|10|10|0|6524|-0.1|True|[762, 717]
House|House_1|[0, 2]|0|500|100|200|1|-1|True|[762, 777]
Road|1010|[0, 2]|0|10|10|0|6524|-0.1|True|[762, 837]
Road|1000|[0, 2]|2|10|10|0|6524|-0.1|True|[822, -33]
Road|0010|[0, 2]|2|10|10|0|6524|-0.1|True|[822, 27]
Factory|Factory_9|[0, 2]|0|2609|100|0|450|-180|True|[822, 87]
Road|1010|[0, 2]|0|10|10|0|6524|-0.1|True|[822, 147]
House|House_1|[0, 2]|0|500|100|200|1|-1|True|[822, 207]
Road|0111|[0, 2]|0|10|10|0|6524|-0.1|True|[822, 267]
House|House_1|[0, 2]|0|500|100|200|1|-1|True|[822, 327]
House|House_1|[0, 2]|0|500|100|200|1|-1|True|[822, 387]
Road|0111|[0, 2]|0|10|10|0|6524|-0.1|True|[822, 447]
House|House_1|[0, 2]|0|500|100|200|1|-1|True|[822, 507]
House|House_1|[0, 2]|0|500|100|200|1|-1|True|[822, 567]
Road|1010|[0, 2]|0|10|10|0|6524|-0.1|True|[822, 627]
Road|0101|[0, 2]|0|10|10|0|6524|-0.1|True|[822, 687]
House|House_1|[0, 2]|0|500|100|200|1|-1|True|[822, 747]
House|House_1|[0, 2]|0|500|100|200|1|-1|True|[822, 807]
Road|1001|[0, 2]|0|10|10|0|6524|-0.1|True|[822, 867]
Road|1010|[0, 2]|2|10|10|0|6524|-0.1|True|[882, 57]
Factory|Factory_9|[0, 2]|0|2609|100|0|450|-180|True|[882, 117]
Road|1010|[0, 2]|0|10|10|0|6524|-0.1|True|[882, 177]
Road|0101|[0, 2]|0|10|10|0|6524|-0.1|True|[882, 237]
Road|1010|[0, 2]|0|10|10|0|6524|-0.1|True|[882, 297]
House|House_1|[0, 2]|0|500|100|200|1|-1|True|[882, 357]
Road|0101|[0, 2]|0|10|10|0|6524|-0.1|True|[882, 417]
Road|1010|[0, 2]|0|10|10|0|6524|-0.1|True|[882, 477]
House|House_1|[0, 2]|0|500|100|200|1|-1|True|[882, 537]
House|House_1|[0, 2]|0|500|100|200|1|-1|True|[882, 597]
Road|1111|[0, 2]|0|10|10|0|6524|-0.1|True|[882, 657]
House|House_1|[0, 2]|0|500|100|200|1|-1|True|[882, 717]
House|House_1|[0, 2]|0|500|100|200|1|-1|True|[882, 777]
Road|0101|[0, 2]|0|10|10|0|6524|-0.1|True|[882, 837]
Road|1010|[0, 2]|2|10|10|0|6524|-0.1|True|[942, 87]
Factory|Factory_9|[0, 2]|0|2609|100|0|450|-180|True|[942, 147]
Road|1110|[0, 2]|0|10|10|0|6524|-0.1|True|[942, 207]
School|School_2|[0, 2]|0|1000|500|0|10|-200|True|[942, 267]
Road|1010|[0, 2]|0|10|10|0|6524|-0.1|True|[942, 327]
Road|0101|[0, 2]|0|10|10|0|6524|-0.1|True|[942, 387]
School|School_2|[0, 2]|0|1000|500|0|10|-200|True|[942, 447]
Road|1010|[0, 2]|0|10|10|0|6524|-0.1|True|[942, 507]
House|House_1|[0, 2]|0|500|100|200|1|-1|True|[942, 567]
Road|0101|[0, 2]|0|10|10|0|6524|-0.1|True|[942, 627]
Road|1010|[0, 2]|0|10|10|0|6524|-0.1|True|[942, 687]
House|House_1|[0, 2]|0|500|100|200|1|-1|True|[942, 747]
Road|0101|[0, 2]|0|10|10|0|6524|-0.1|True|[942, 807]
Road|1010|[0, 2]|0|10|10|0|6524|-0.1|True|[1002, 117]
Factory|Factory_9|[0, 2]|0|2609|100|0|450|-180|True|[1002, 177]
Road|1001|[0, 2]|0|10|10|0|6524|-0.1|True|[1002, 237]
Road|1110|[0, 2]|0|10|10|0|6524|-0.1|True|[1002, 357]
House|House_1|[0, 2]|0|500|100|200|1|-1|True|[1002, 417]
House|House_1|[0, 2]|0|500|100|200|1|-1|True|[1002, 477]
Road|1010|[0, 2]|0|10|10|0|6524|-0.1|True|[1002, 537]
Road|0111|[0, 2]|0|10|10|0|6524|-0.1|True|[1002, 597]
Hospital|Hospital|[0, 2]|0|1000|500|0|10|-200|True|[1002, 657]
Road|1011|[0, 2]|0|10|10|0|6524|-0.1|True|[1002, 717]
Road|0101|[0, 2]|0|10|10|0|6524|-0.1|True|[1002, 777]
Road|1010|[0, 2]|0|10|10|0|6524|-0.1|True|[1062, 147]
Road|0101|[0, 2]|0|10|10|0|6524|-0.1|True|[1062, 207]
Road|1010|[0, 2]|0|10|10|0|6524|-0.1|True|[1062, 387]
House|House_1|[0, 2]|0|500|100|200|1|-1|True|[1062, 447]
House|House_1|[0, 2]|0|500|100|200|1|-1|True|[1062, 507]
Road|1101|[0, 2]|0|10|10|0|6524|-0.1|True|[1062, 567]
Road|1010|[0, 2]|0|10|10|0|6524|-0.1|True|[1062, 627]
Road|0101|[0, 2]|0|10|10|0|6524|-0.1|True|[1062, 687]
Road|1100|[0, 2]|0|10|10|0|6524|-0.1|True|[1062, 747]
Road|1100|[0, 2]|0|10|10|0|6524|-0.1|True|[1122, 177]
Road|1010|[0, 2]|0|10|10|0|6524|-0.1|True|[1122, 417]
House|House_1|[0, 2]|0|500|100|200|1|-1|True|[1122, 477]
Road|0111|[0, 2]|0|10|10|0|6524|-0.1|True|[1122, 537]
Firestation|Fire|[0, 2]|0|1000|500|0|5|-100|True|[1122, 597]
Road|1101|[0, 2]|0|10|10|0|6524|-0.1|True|[1122, 657]
Road|1010|[0, 2]|2|10|10|0|6524|-0.1|True|[1182, 447]
Road|0101|[0, 2]|0|10|10|0|6524|-0.1|True|[1182, 507]
Road|1010|[0, 2]|0|10|10|0|6524|-0.1|True|[1182, 567]
Road|0101|[0, 2]|0|10|10|0|6524|-0.1|True|[1182, 627]
Road|1100|[0, 2]|2|10|10|0|6524|-0.1|True|[1242, 477]
Road|1100|[0, 2]|0|10|10|0|6524|-0.1|True|[1242, 597]
